0 1 1
0 13 1
0 16 1
1 12 1
2 12 1
3 12 1
4 17 1
4 12 1
5 4 1
6 12 1
7 22 1
8 22 1
9 22 1
9 23 1
10 26 1
11 24 1
12 27 1
13 27 1
14 28 1
14 29 1
15 28 1
15 29 1
16 28 1
16 29 1
17 30 1
18 30 1
19 30 1
20 32 1
20 33 1
21 34 1
21 35 1
21 68 1
22 41 1
22 42 1
23 41 1
23 42 1
24 53 1
24 54 1
25 55 1
25 56 1
26 55 1
26 56 1
27 50 1
27 73 1
28 67 1
29 67 1
30 31 1
31 36 1
32 37 1
33 38 1
34 39 1
35 40 1
36 43 1
36 44 1
37 49 1
38 45 1
38 49 1
39 43 1
39 48 1
39 49 1
40 43 1
40 46 1
41 31 1
41 32 1
41 33 1
41 57 1
42 34 1
42 35 1
42 57 1
43 77 1
43 78 1
43 79 1
44 77 1
45 77 1
45 78 1
45 79 1
46 77 1
46 78 1
46 79 1
47 77 1
48 77 1
48 78 1
48 79 1
49 79 1
50 64 1
50 65 1
50 66 1
51 64 1
51 66 1
52 64 1
53 58 1
53 59 1
53 60 1
54 61 1
54 62 1
55 61 1
55 63 1
56 61 1
56 62 1
56 63 1
61 68 1
61 69 1
62 68 1
62 69 1
63 68 1
63 69 1
64 68 1
64 69 1
65 68 1
65 69 1
66 68 1
66 69 1
67 64 1
67 66 1
68 70 1
69 70 1
69 77 1
73 42 1
74 36 1
